ACCOUNT_ID=0.0.3493137
PRIVATE_KEY=4b50ff41fdc60141c46cb76525d46d874dad7a288f0df3139253329ade8ca2d7
TOPIC_ID=0.0.28583
